▲▲▲一番最初の長いデータは抜くこと▲▲▲

【電気】
消灯：117612,1022,510,63,190,63,191,63,192,63,64,63,63,63,191,63,192,62,192,62,63,63,64,63,190,63,191,63,64,63,63,63,64,63,67,60,191,63,191,63,64,63,191,63,63,63,64,63,64,62,192,63,63,63,64,62,191,62,65,62,191,62,192,62,191,63,63,63,4524,1019,254,65,
全灯：60096,1022,510,66,188,66,188,66,188,66,61,66,61,66,188,66,188,66,189,66,60,66,61,66,188,66,189,66,61,65,62,65,61,66,65,62,188,66,188,66,188,66,62,65,188,65,61,66,61,66,189,66,60,66,61,66,61,66,188,66,61,66,188,66,188,66,61,63,4524,1024,249,64,
常夜灯：108739,1022,510,63,190,63,191,63,192,63,64,63,63,63,191,63,191,63,192,62,63,63,64,63,191,63,191,63,64,62,64,62,64,63,67,60,190,63,191,63,191,63,191,63,64,63,64,63,64,63,191,63,63,63,64,62,64,63,64,63,190,64,190,63,191,63,64,62,4524,1018,255,63,


【テレビ】
電源：68379,899,446,57,54,58,54,58,166,58,54,57,54,58,54,58,54,57,166,58,54,58,54,58,54,58,54,57,54,57,166,58,166,57,165,58,54,57,54,57,54,58,54,57,54,58,166,58,54,58,54,57,166,58,166,58,166,58,166,57,166,57,54,58,166,57,166,58,4320,898,223,57,4829,29
音量上：43029,901,442,61,51,63,49,63,160,60,52,60,52,60,52,63,49,60,163,60,52,63,49,60,51,60,51,60,52,60,163,60,163,60,164,60,51,60,52,60,52,63,49,60,52,60,164,63,160,60,52,60,163,60,163,60,163,63,160,60,164,62,49,60,51,63,160,60,4318,904,218,55
音量下：57519,898,446,57,54,58,54,58,166,58,54,58,54,58,54,57,54,58,166,57,54,58,54,58,54,57,54,58,54,57,166,58,166,58,166,58,166,58,54,57,54,58,54,58,54,58,166,58,166,58,54,57,55,57,166,57,166,58,166,58,165,58,54,58,54,58,166,58,4321,898,223,58
チャンネル上：53142,883,445,57,52,57,52,57,164,57,165,65,44,58,52,57,52,57,52,58,52,57,52,57,165,57,51,58,164,58,164,58,165,57,55,57,165,64,44,58,165,57,52,57,165,57,52,57,52,57,168,57,52,57,165,57,52,57,165,57,52,57,165,57,165,57,53,57,4227,883,222,57
チャンネル下：68441,891,437,58,52,57,52,58,164,58,165,57,52,57,53,56,52,57,51,58,53,57,52,57,165,57,52,58,164,57,164,57,165,57,55,58,52,64,156,57,165,57,52,57,164,57,52,57,51,58,168,57,165,57,52,57,51,58,165,57,52,57,164,58,165,57,53,58,4226,884,222,57









